45475 48025 50575 53125 55675 58225 60775 63325 65875 68425 70975 73525 76075 78625 81175 83725 86275 88825 91375 93925 96475 99025 101575 104125 106675 109225 111775 114325 116875 119425 121975 124525 127075 129625 132175 134725 137275 139825 142375 144925 147475 150025 152575 155125 157675 160225 162775 165325 167875 170425 
90950 96050 101150 106250 111350 116450 121550 126650 131750 136850 141950 147050 152150 157250 162350 167450 172550 177650 182750 187850 192950 198050 203150 208250 213350 218450 223550 228650 233750 238850 243950 249050 254150 259250 264350 269450 274550 279650 284750 289850 294950 300050 305150 310250 315350 320450 325550 330650 335750 340850 
136425 144075 151725 159375 167025 174675 182325 189975 197625 205275 212925 220575 228225 235875 243525 251175 258825 266475 274125 281775 289425 297075 304725 312375 320025 327675 335325 342975 350625 358275 365925 373575 381225 388875 396525 404175 411825 419475 427125 434775 442425 450075 457725 465375 473025 480675 488325 495975 503625 511275 
181900 192100 202300 212500 222700 232900 243100 253300 263500 273700 283900 294100 304300 314500 324700 334900 345100 355300 365500 375700 385900 396100 406300 416500 426700 436900 447100 457300 467500 477700 487900 498100 508300 518500 528700 538900 549100 559300 569500 579700 589900 600100 610300 620500 630700 640900 651100 661300 671500 681700 
227375 240125 252875 265625 278375 291125 303875 316625 329375 342125 354875 367625 380375 393125 405875 418625 431375 444125 456875 469625 482375 495125 507875 520625 533375 546125 558875 571625 584375 597125 609875 622625 635375 648125 660875 673625 686375 699125 711875 724625 737375 750125 762875 775625 788375 801125 813875 826625 839375 852125 
272850 288150 303450 318750 334050 349350 364650 379950 395250 410550 425850 441150 456450 471750 487050 502350 517650 532950 548250 563550 578850 594150 609450 624750 640050 655350 670650 685950 701250 716550 731850 747150 762450 777750 793050 808350 823650 838950 854250 869550 884850 900150 915450 930750 946050 961350 976650 991950 1.00725e+06 1.02255e+06 
318325 336175 354025 371875 389725 407575 425425 443275 461125 478975 496825 514675 532525 550375 568225 586075 603925 621775 639625 657475 675325 693175 711025 728875 746725 764575 782425 800275 818125 835975 853825 871675 889525 907375 925225 943075 960925 978775 996625 1.01448e+06 1.03232e+06 1.05018e+06 1.06802e+06 1.08588e+06 1.10372e+06 1.12158e+06 1.13942e+06 1.15728e+06 1.17512e+06 1.19298e+06 
363800 384200 404600 425000 445400 465800 486200 506600 527000 547400 567800 588200 608600 629000 649400 669800 690200 710600 731000 751400 771800 792200 812600 833000 853400 873800 894200 914600 935000 955400 975800 996200 1.0166e+06 1.037e+06 1.0574e+06 1.0778e+06 1.0982e+06 1.1186e+06 1.139e+06 1.1594e+06 1.1798e+06 1.2002e+06 1.2206e+06 1.241e+06 1.2614e+06 1.2818e+06 1.3022e+06 1.3226e+06 1.343e+06 1.3634e+06 
409275 432225 455175 478125 501075 524025 546975 569925 592875 615825 638775 661725 684675 707625 730575 753525 776475 799425 822375 845325 868275 891225 914175 937125 960075 983025 1.00598e+06 1.02892e+06 1.05188e+06 1.07482e+06 1.09778e+06 1.12072e+06 1.14368e+06 1.16662e+06 1.18958e+06 1.21252e+06 1.23548e+06 1.25842e+06 1.28138e+06 1.30432e+06 1.32728e+06 1.35022e+06 1.37318e+06 1.39612e+06 1.41908e+06 1.44202e+06 1.46498e+06 1.48792e+06 1.51088e+06 1.53382e+06 
454750 480250 505750 531250 556750 582250 607750 633250 658750 684250 709750 735250 760750 786250 811750 837250 862750 888250 913750 939250 964750 990250 1.01575e+06 1.04125e+06 1.06675e+06 1.09225e+06 1.11775e+06 1.14325e+06 1.16875e+06 1.19425e+06 1.21975e+06 1.24525e+06 1.27075e+06 1.29625e+06 1.32175e+06 1.34725e+06 1.37275e+06 1.39825e+06 1.42375e+06 1.44925e+06 1.47475e+06 1.50025e+06 1.52575e+06 1.55125e+06 1.57675e+06 1.60225e+06 1.62775e+06 1.65325e+06 1.67875e+06 1.70425e+06 
500225 528275 556325 584375 612425 640475 668525 696575 724625 752675 780725 808775 836825 864875 892925 920975 949025 977075 1.00512e+06 1.03318e+06 1.06122e+06 1.08928e+06 1.11732e+06 1.14538e+06 1.17342e+06 1.20148e+06 1.22952e+06 1.25758e+06 1.28562e+06 1.31368e+06 1.34172e+06 1.36978e+06 1.39782e+06 1.42588e+06 1.45392e+06 1.48198e+06 1.51002e+06 1.53808e+06 1.56612e+06 1.59418e+06 1.62222e+06 1.65028e+06 1.67832e+06 1.70638e+06 1.73442e+06 1.76248e+06 1.79052e+06 1.81858e+06 1.84662e+06 1.87468e+06 
545700 576300 606900 637500 668100 698700 729300 759900 790500 821100 851700 882300 912900 943500 974100 1.0047e+06 1.0353e+06 1.0659e+06 1.0965e+06 1.1271e+06 1.1577e+06 1.1883e+06 1.2189e+06 1.2495e+06 1.2801e+06 1.3107e+06 1.3413e+06 1.3719e+06 1.4025e+06 1.4331e+06 1.4637e+06 1.4943e+06 1.5249e+06 1.5555e+06 1.5861e+06 1.6167e+06 1.6473e+06 1.6779e+06 1.7085e+06 1.7391e+06 1.7697e+06 1.8003e+06 1.8309e+06 1.8615e+06 1.8921e+06 1.9227e+06 1.9533e+06 1.9839e+06 2.0145e+06 2.0451e+06 
591175 624325 657475 690625 723775 756925 790075 823225 856375 889525 922675 955825 988975 1.02212e+06 1.05528e+06 1.08842e+06 1.12158e+06 1.15472e+06 1.18788e+06 1.22102e+06 1.25418e+06 1.28732e+06 1.32048e+06 1.35362e+06 1.38678e+06 1.41992e+06 1.45308e+06 1.48622e+06 1.51938e+06 1.55252e+06 1.58568e+06 1.61882e+06 1.65198e+06 1.68512e+06 1.71828e+06 1.75142e+06 1.78458e+06 1.81772e+06 1.85088e+06 1.88402e+06 1.91718e+06 1.95032e+06 1.98348e+06 2.01662e+06 2.04978e+06 2.08292e+06 2.11608e+06 2.14922e+06 2.18238e+06 2.21552e+06 
636650 672350 708050 743750 779450 815150 850850 886550 922250 957950 993650 1.02935e+06 1.06505e+06 1.10075e+06 1.13645e+06 1.17215e+06 1.20785e+06 1.24355e+06 1.27925e+06 1.31495e+06 1.35065e+06 1.38635e+06 1.42205e+06 1.45775e+06 1.49345e+06 1.52915e+06 1.56485e+06 1.60055e+06 1.63625e+06 1.67195e+06 1.70765e+06 1.74335e+06 1.77905e+06 1.81475e+06 1.85045e+06 1.88615e+06 1.92185e+06 1.95755e+06 1.99325e+06 2.02895e+06 2.06465e+06 2.10035e+06 2.13605e+06 2.17175e+06 2.20745e+06 2.24315e+06 2.27885e+06 2.31455e+06 2.35025e+06 2.38595e+06 
682125 720375 758625 796875 835125 873375 911625 949875 988125 1.02638e+06 1.06462e+06 1.10288e+06 1.14112e+06 1.17938e+06 1.21762e+06 1.25588e+06 1.29412e+06 1.33238e+06 1.37062e+06 1.40888e+06 1.44712e+06 1.48538e+06 1.52362e+06 1.56188e+06 1.60012e+06 1.63838e+06 1.67662e+06 1.71488e+06 1.75312e+06 1.79138e+06 1.82962e+06 1.86788e+06 1.90612e+06 1.94438e+06 1.98262e+06 2.02088e+06 2.05912e+06 2.09738e+06 2.13562e+06 2.17388e+06 2.21212e+06 2.25038e+06 2.28862e+06 2.32688e+06 2.36512e+06 2.40338e+06 2.44162e+06 2.47988e+06 2.51812e+06 2.55638e+06 
727600 768400 809200 850000 890800 931600 972400 1.0132e+06 1.054e+06 1.0948e+06 1.1356e+06 1.1764e+06 1.2172e+06 1.258e+06 1.2988e+06 1.3396e+06 1.3804e+06 1.4212e+06 1.462e+06 1.5028e+06 1.5436e+06 1.5844e+06 1.6252e+06 1.666e+06 1.7068e+06 1.7476e+06 1.7884e+06 1.8292e+06 1.87e+06 1.9108e+06 1.9516e+06 1.9924e+06 2.0332e+06 2.074e+06 2.1148e+06 2.1556e+06 2.1964e+06 2.2372e+06 2.278e+06 2.3188e+06 2.3596e+06 2.4004e+06 2.4412e+06 2.482e+06 2.5228e+06 2.5636e+06 2.6044e+06 2.6452e+06 2.686e+06 2.7268e+06 
773075 816425 859775 903125 946475 989825 1.03318e+06 1.07652e+06 1.11988e+06 1.16322e+06 1.20658e+06 1.24992e+06 1.29328e+06 1.33662e+06 1.37998e+06 1.42332e+06 1.46668e+06 1.51002e+06 1.55338e+06 1.59672e+06 1.64008e+06 1.68342e+06 1.72678e+06 1.77012e+06 1.81348e+06 1.85682e+06 1.90018e+06 1.94352e+06 1.98688e+06 2.03022e+06 2.07358e+06 2.11692e+06 2.16028e+06 2.20362e+06 2.24698e+06 2.29032e+06 2.33368e+06 2.37702e+06 2.42038e+06 2.46372e+06 2.50708e+06 2.55042e+06 2.59378e+06 2.63712e+06 2.68048e+06 2.72382e+06 2.76718e+06 2.81052e+06 2.85388e+06 2.89722e+06 
818550 864450 910350 956250 1.00215e+06 1.04805e+06 1.09395e+06 1.13985e+06 1.18575e+06 1.23165e+06 1.27755e+06 1.32345e+06 1.36935e+06 1.41525e+06 1.46115e+06 1.50705e+06 1.55295e+06 1.59885e+06 1.64475e+06 1.69065e+06 1.73655e+06 1.78245e+06 1.82835e+06 1.87425e+06 1.92015e+06 1.96605e+06 2.01195e+06 2.05785e+06 2.10375e+06 2.14965e+06 2.19555e+06 2.24145e+06 2.28735e+06 2.33325e+06 2.37915e+06 2.42505e+06 2.47095e+06 2.51685e+06 2.56275e+06 2.60865e+06 2.65455e+06 2.70045e+06 2.74635e+06 2.79225e+06 2.83815e+06 2.88405e+06 2.92995e+06 2.97585e+06 3.02175e+06 3.06765e+06 
864025 912475 960925 1.00938e+06 1.05782e+06 1.10628e+06 1.15472e+06 1.20318e+06 1.25162e+06 1.30008e+06 1.34852e+06 1.39698e+06 1.44542e+06 1.49388e+06 1.54232e+06 1.59078e+06 1.63922e+06 1.68768e+06 1.73612e+06 1.78458e+06 1.83302e+06 1.88148e+06 1.92992e+06 1.97838e+06 2.02682e+06 2.07528e+06 2.12372e+06 2.17218e+06 2.22062e+06 2.26908e+06 2.31752e+06 2.36598e+06 2.41442e+06 2.46288e+06 2.51132e+06 2.55978e+06 2.60822e+06 2.65668e+06 2.70512e+06 2.75358e+06 2.80202e+06 2.85048e+06 2.89892e+06 2.94738e+06 2.99582e+06 3.04428e+06 3.09272e+06 3.14118e+06 3.18962e+06 3.23808e+06 
909500 960500 1.0115e+06 1.0625e+06 1.1135e+06 1.1645e+06 1.2155e+06 1.2665e+06 1.3175e+06 1.3685e+06 1.4195e+06 1.4705e+06 1.5215e+06 1.5725e+06 1.6235e+06 1.6745e+06 1.7255e+06 1.7765e+06 1.8275e+06 1.8785e+06 1.9295e+06 1.9805e+06 2.0315e+06 2.0825e+06 2.1335e+06 2.1845e+06 2.2355e+06 2.2865e+06 2.3375e+06 2.3885e+06 2.4395e+06 2.4905e+06 2.5415e+06 2.5925e+06 2.6435e+06 2.6945e+06 2.7455e+06 2.7965e+06 2.8475e+06 2.8985e+06 2.9495e+06 3.0005e+06 3.0515e+06 3.1025e+06 3.1535e+06 3.2045e+06 3.2555e+06 3.3065e+06 3.3575e+06 3.4085e+06 
954975 1.00852e+06 1.06208e+06 1.11562e+06 1.16918e+06 1.22272e+06 1.27628e+06 1.32982e+06 1.38338e+06 1.43692e+06 1.49048e+06 1.54402e+06 1.59758e+06 1.65112e+06 1.70468e+06 1.75822e+06 1.81178e+06 1.86532e+06 1.91888e+06 1.97242e+06 2.02598e+06 2.07952e+06 2.13308e+06 2.18662e+06 2.24018e+06 2.29372e+06 2.34728e+06 2.40082e+06 2.45438e+06 2.50792e+06 2.56148e+06 2.61502e+06 2.66858e+06 2.72212e+06 2.77568e+06 2.82922e+06 2.88278e+06 2.93632e+06 2.98988e+06 3.04342e+06 3.09698e+06 3.15052e+06 3.20408e+06 3.25762e+06 3.31118e+06 3.36472e+06 3.41828e+06 3.47182e+06 3.52538e+06 3.57892e+06 
1.00045e+06 1.05655e+06 1.11265e+06 1.16875e+06 1.22485e+06 1.28095e+06 1.33705e+06 1.39315e+06 1.44925e+06 1.50535e+06 1.56145e+06 1.61755e+06 1.67365e+06 1.72975e+06 1.78585e+06 1.84195e+06 1.89805e+06 1.95415e+06 2.01025e+06 2.06635e+06 2.12245e+06 2.17855e+06 2.23465e+06 2.29075e+06 2.34685e+06 2.40295e+06 2.45905e+06 2.51515e+06 2.57125e+06 2.62735e+06 2.68345e+06 2.73955e+06 2.79565e+06 2.85175e+06 2.90785e+06 2.96395e+06 3.02005e+06 3.07615e+06 3.13225e+06 3.18835e+06 3.24445e+06 3.30055e+06 3.35665e+06 3.41275e+06 3.46885e+06 3.52495e+06 3.58105e+06 3.63715e+06 3.69325e+06 3.74935e+06 
1.04592e+06 1.10458e+06 1.16322e+06 1.22188e+06 1.28052e+06 1.33918e+06 1.39782e+06 1.45648e+06 1.51512e+06 1.57378e+06 1.63242e+06 1.69108e+06 1.74972e+06 1.80838e+06 1.86702e+06 1.92568e+06 1.98432e+06 2.04298e+06 2.10162e+06 2.16028e+06 2.21892e+06 2.27758e+06 2.33622e+06 2.39488e+06 2.45352e+06 2.51218e+06 2.57082e+06 2.62948e+06 2.68812e+06 2.74678e+06 2.80542e+06 2.86408e+06 2.92272e+06 2.98138e+06 3.04002e+06 3.09868e+06 3.15732e+06 3.21598e+06 3.27462e+06 3.33328e+06 3.39192e+06 3.45058e+06 3.50922e+06 3.56788e+06 3.62652e+06 3.68518e+06 3.74382e+06 3.80248e+06 3.86112e+06 3.91978e+06 
1.0914e+06 1.1526e+06 1.2138e+06 1.275e+06 1.3362e+06 1.3974e+06 1.4586e+06 1.5198e+06 1.581e+06 1.6422e+06 1.7034e+06 1.7646e+06 1.8258e+06 1.887e+06 1.9482e+06 2.0094e+06 2.0706e+06 2.1318e+06 2.193e+06 2.2542e+06 2.3154e+06 2.3766e+06 2.4378e+06 2.499e+06 2.5602e+06 2.6214e+06 2.6826e+06 2.7438e+06 2.805e+06 2.8662e+06 2.9274e+06 2.9886e+06 3.0498e+06 3.111e+06 3.1722e+06 3.2334e+06 3.2946e+06 3.3558e+06 3.417e+06 3.4782e+06 3.5394e+06 3.6006e+06 3.6618e+06 3.723e+06 3.7842e+06 3.8454e+06 3.9066e+06 3.9678e+06 4.029e+06 4.0902e+06 
1.13688e+06 1.20062e+06 1.26438e+06 1.32812e+06 1.39188e+06 1.45562e+06 1.51938e+06 1.58312e+06 1.64688e+06 1.71062e+06 1.77438e+06 1.83812e+06 1.90188e+06 1.96562e+06 2.02938e+06 2.09312e+06 2.15688e+06 2.22062e+06 2.28438e+06 2.34812e+06 2.41188e+06 2.47562e+06 2.53938e+06 2.60312e+06 2.66688e+06 2.73062e+06 2.79438e+06 2.85812e+06 2.92188e+06 2.98562e+06 3.04938e+06 3.11312e+06 3.17688e+06 3.24062e+06 3.30438e+06 3.36812e+06 3.43188e+06 3.49562e+06 3.55938e+06 3.62312e+06 3.68688e+06 3.75062e+06 3.81438e+06 3.87812e+06 3.94188e+06 4.00562e+06 4.06938e+06 4.13312e+06 4.19688e+06 4.26062e+06 
1.18235e+06 1.24865e+06 1.31495e+06 1.38125e+06 1.44755e+06 1.51385e+06 1.58015e+06 1.64645e+06 1.71275e+06 1.77905e+06 1.84535e+06 1.91165e+06 1.97795e+06 2.04425e+06 2.11055e+06 2.17685e+06 2.24315e+06 2.30945e+06 2.37575e+06 2.44205e+06 2.50835e+06 2.57465e+06 2.64095e+06 2.70725e+06 2.77355e+06 2.83985e+06 2.90615e+06 2.97245e+06 3.03875e+06 3.10505e+06 3.17135e+06 3.23765e+06 3.30395e+06 3.37025e+06 3.43655e+06 3.50285e+06 3.56915e+06 3.63545e+06 3.70175e+06 3.76805e+06 3.83435e+06 3.90065e+06 3.96695e+06 4.03325e+06 4.09955e+06 4.16585e+06 4.23215e+06 4.29845e+06 4.36475e+06 4.43105e+06 
1.22782e+06 1.29668e+06 1.36552e+06 1.43438e+06 1.50322e+06 1.57208e+06 1.64092e+06 1.70978e+06 1.77862e+06 1.84748e+06 1.91632e+06 1.98518e+06 2.05402e+06 2.12288e+06 2.19172e+06 2.26058e+06 2.32942e+06 2.39828e+06 2.46712e+06 2.53598e+06 2.60482e+06 2.67368e+06 2.74252e+06 2.81138e+06 2.88022e+06 2.94908e+06 3.01792e+06 3.08678e+06 3.15562e+06 3.22448e+06 3.29332e+06 3.36218e+06 3.43102e+06 3.49988e+06 3.56872e+06 3.63758e+06 3.70642e+06 3.77528e+06 3.84412e+06 3.91298e+06 3.98182e+06 4.05068e+06 4.11952e+06 4.18838e+06 4.25722e+06 4.32608e+06 4.39492e+06 4.46378e+06 4.53262e+06 4.60148e+06 
1.2733e+06 1.3447e+06 1.4161e+06 1.4875e+06 1.5589e+06 1.6303e+06 1.7017e+06 1.7731e+06 1.8445e+06 1.9159e+06 1.9873e+06 2.0587e+06 2.1301e+06 2.2015e+06 2.2729e+06 2.3443e+06 2.4157e+06 2.4871e+06 2.5585e+06 2.6299e+06 2.7013e+06 2.7727e+06 2.8441e+06 2.9155e+06 2.9869e+06 3.0583e+06 3.1297e+06 3.2011e+06 3.2725e+06 3.3439e+06 3.4153e+06 3.4867e+06 3.5581e+06 3.6295e+06 3.7009e+06 3.7723e+06 3.8437e+06 3.9151e+06 3.9865e+06 4.0579e+06 4.1293e+06 4.2007e+06 4.2721e+06 4.3435e+06 4.4149e+06 4.4863e+06 4.5577e+06 4.6291e+06 4.7005e+06 4.7719e+06 
1.31878e+06 1.39272e+06 1.46668e+06 1.54062e+06 1.61458e+06 1.68852e+06 1.76248e+06 1.83642e+06 1.91038e+06 1.98432e+06 2.05828e+06 2.13222e+06 2.20618e+06 2.28012e+06 2.35408e+06 2.42802e+06 2.50198e+06 2.57592e+06 2.64988e+06 2.72382e+06 2.79778e+06 2.87172e+06 2.94568e+06 3.01962e+06 3.09358e+06 3.16752e+06 3.24148e+06 3.31542e+06 3.38938e+06 3.46332e+06 3.53728e+06 3.61122e+06 3.68518e+06 3.75912e+06 3.83308e+06 3.90702e+06 3.98098e+06 4.05492e+06 4.12888e+06 4.20282e+06 4.27678e+06 4.35072e+06 4.42468e+06 4.49862e+06 4.57258e+06 4.64652e+06 4.72048e+06 4.79442e+06 4.86838e+06 4.94232e+06 
1.36425e+06 1.44075e+06 1.51725e+06 1.59375e+06 1.67025e+06 1.74675e+06 1.82325e+06 1.89975e+06 1.97625e+06 2.05275e+06 2.12925e+06 2.20575e+06 2.28225e+06 2.35875e+06 2.43525e+06 2.51175e+06 2.58825e+06 2.66475e+06 2.74125e+06 2.81775e+06 2.89425e+06 2.97075e+06 3.04725e+06 3.12375e+06 3.20025e+06 3.27675e+06 3.35325e+06 3.42975e+06 3.50625e+06 3.58275e+06 3.65925e+06 3.73575e+06 3.81225e+06 3.88875e+06 3.96525e+06 4.04175e+06 4.11825e+06 4.19475e+06 4.27125e+06 4.34775e+06 4.42425e+06 4.50075e+06 4.57725e+06 4.65375e+06 4.73025e+06 4.80675e+06 4.88325e+06 4.95975e+06 5.03625e+06 5.11275e+06 
1.40972e+06 1.48878e+06 1.56782e+06 1.64688e+06 1.72592e+06 1.80498e+06 1.88402e+06 1.96308e+06 2.04212e+06 2.12118e+06 2.20022e+06 2.27928e+06 2.35832e+06 2.43738e+06 2.51642e+06 2.59548e+06 2.67452e+06 2.75358e+06 2.83262e+06 2.91168e+06 2.99072e+06 3.06978e+06 3.14882e+06 3.22788e+06 3.30692e+06 3.38598e+06 3.46502e+06 3.54408e+06 3.62312e+06 3.70218e+06 3.78122e+06 3.86028e+06 3.93932e+06 4.01838e+06 4.09742e+06 4.17648e+06 4.25552e+06 4.33458e+06 4.41362e+06 4.49268e+06 4.57172e+06 4.65078e+06 4.72982e+06 4.80888e+06 4.88792e+06 4.96698e+06 5.04602e+06 5.12508e+06 5.20412e+06 5.28318e+06 
1.4552e+06 1.5368e+06 1.6184e+06 1.7e+06 1.7816e+06 1.8632e+06 1.9448e+06 2.0264e+06 2.108e+06 2.1896e+06 2.2712e+06 2.3528e+06 2.4344e+06 2.516e+06 2.5976e+06 2.6792e+06 2.7608e+06 2.8424e+06 2.924e+06 3.0056e+06 3.0872e+06 3.1688e+06 3.2504e+06 3.332e+06 3.4136e+06 3.4952e+06 3.5768e+06 3.6584e+06 3.74e+06 3.8216e+06 3.9032e+06 3.9848e+06 4.0664e+06 4.148e+06 4.2296e+06 4.3112e+06 4.3928e+06 4.4744e+06 4.556e+06 4.6376e+06 4.7192e+06 4.8008e+06 4.8824e+06 4.964e+06 5.0456e+06 5.1272e+06 5.2088e+06 5.2904e+06 5.372e+06 5.4536e+06 
1.50068e+06 1.58482e+06 1.66898e+06 1.75312e+06 1.83728e+06 1.92142e+06 2.00558e+06 2.08972e+06 2.17388e+06 2.25802e+06 2.34218e+06 2.42632e+06 2.51048e+06 2.59462e+06 2.67878e+06 2.76292e+06 2.84708e+06 2.93122e+06 3.01538e+06 3.09952e+06 3.18368e+06 3.26782e+06 3.35198e+06 3.43612e+06 3.52028e+06 3.60442e+06 3.68858e+06 3.77272e+06 3.85688e+06 3.94102e+06 4.02518e+06 4.10932e+06 4.19348e+06 4.27762e+06 4.36178e+06 4.44592e+06 4.53008e+06 4.61422e+06 4.69838e+06 4.78252e+06 4.86668e+06 4.95082e+06 5.03498e+06 5.11912e+06 5.20328e+06 5.28742e+06 5.37158e+06 5.45572e+06 5.53988e+06 5.62402e+06 
1.54615e+06 1.63285e+06 1.71955e+06 1.80625e+06 1.89295e+06 1.97965e+06 2.06635e+06 2.15305e+06 2.23975e+06 2.32645e+06 2.41315e+06 2.49985e+06 2.58655e+06 2.67325e+06 2.75995e+06 2.84665e+06 2.93335e+06 3.02005e+06 3.10675e+06 3.19345e+06 3.28015e+06 3.36685e+06 3.45355e+06 3.54025e+06 3.62695e+06 3.71365e+06 3.80035e+06 3.88705e+06 3.97375e+06 4.06045e+06 4.14715e+06 4.23385e+06 4.32055e+06 4.40725e+06 4.49395e+06 4.58065e+06 4.66735e+06 4.75405e+06 4.84075e+06 4.92745e+06 5.01415e+06 5.10085e+06 5.18755e+06 5.27425e+06 5.36095e+06 5.44765e+06 5.53435e+06 5.62105e+06 5.70775e+06 5.79445e+06 
1.59162e+06 1.68088e+06 1.77012e+06 1.85938e+06 1.94862e+06 2.03788e+06 2.12712e+06 2.21638e+06 2.30562e+06 2.39488e+06 2.48412e+06 2.57338e+06 2.66262e+06 2.75188e+06 2.84112e+06 2.93038e+06 3.01962e+06 3.10888e+06 3.19812e+06 3.28738e+06 3.37662e+06 3.46588e+06 3.55512e+06 3.64438e+06 3.73362e+06 3.82288e+06 3.91212e+06 4.00138e+06 4.09062e+06 4.17988e+06 4.26912e+06 4.35838e+06 4.44762e+06 4.53688e+06 4.62612e+06 4.71538e+06 4.80462e+06 4.89388e+06 4.98312e+06 5.07238e+06 5.16162e+06 5.25088e+06 5.34012e+06 5.42938e+06 5.51862e+06 5.60788e+06 5.69712e+06 5.78638e+06 5.87562e+06 5.96488e+06 
1.6371e+06 1.7289e+06 1.8207e+06 1.9125e+06 2.0043e+06 2.0961e+06 2.1879e+06 2.2797e+06 2.3715e+06 2.4633e+06 2.5551e+06 2.6469e+06 2.7387e+06 2.8305e+06 2.9223e+06 3.0141e+06 3.1059e+06 3.1977e+06 3.2895e+06 3.3813e+06 3.4731e+06 3.5649e+06 3.6567e+06 3.7485e+06 3.8403e+06 3.9321e+06 4.0239e+06 4.1157e+06 4.2075e+06 4.2993e+06 4.3911e+06 4.4829e+06 4.5747e+06 4.6665e+06 4.7583e+06 4.8501e+06 4.9419e+06 5.0337e+06 5.1255e+06 5.2173e+06 5.3091e+06 5.4009e+06 5.4927e+06 5.5845e+06 5.6763e+06 5.7681e+06 5.8599e+06 5.9517e+06 6.0435e+06 6.1353e+06 
1.68258e+06 1.77692e+06 1.87128e+06 1.96562e+06 2.05998e+06 2.15432e+06 2.24868e+06 2.34302e+06 2.43738e+06 2.53172e+06 2.62608e+06 2.72042e+06 2.81478e+06 2.90912e+06 3.00348e+06 3.09782e+06 3.19218e+06 3.28652e+06 3.38088e+06 3.47522e+06 3.56958e+06 3.66392e+06 3.75828e+06 3.85262e+06 3.94698e+06 4.04132e+06 4.13568e+06 4.23002e+06 4.32438e+06 4.41872e+06 4.51308e+06 4.60742e+06 4.70178e+06 4.79612e+06 4.89048e+06 4.98482e+06 5.07918e+06 5.17352e+06 5.26788e+06 5.36222e+06 5.45658e+06 5.55092e+06 5.64528e+06 5.73962e+06 5.83398e+06 5.92832e+06 6.02268e+06 6.11702e+06 6.21138e+06 6.30572e+06 
1.72805e+06 1.82495e+06 1.92185e+06 2.01875e+06 2.11565e+06 2.21255e+06 2.30945e+06 2.40635e+06 2.50325e+06 2.60015e+06 2.69705e+06 2.79395e+06 2.89085e+06 2.98775e+06 3.08465e+06 3.18155e+06 3.27845e+06 3.37535e+06 3.47225e+06 3.56915e+06 3.66605e+06 3.76295e+06 3.85985e+06 3.95675e+06 4.05365e+06 4.15055e+06 4.24745e+06 4.34435e+06 4.44125e+06 4.53815e+06 4.63505e+06 4.73195e+06 4.82885e+06 4.92575e+06 5.02265e+06 5.11955e+06 5.21645e+06 5.31335e+06 5.41025e+06 5.50715e+06 5.60405e+06 5.70095e+06 5.79785e+06 5.89475e+06 5.99165e+06 6.08855e+06 6.18545e+06 6.28235e+06 6.37925e+06 6.47615e+06 
1.77352e+06 1.87298e+06 1.97242e+06 2.07188e+06 2.17132e+06 2.27078e+06 2.37022e+06 2.46968e+06 2.56912e+06 2.66858e+06 2.76802e+06 2.86748e+06 2.96692e+06 3.06638e+06 3.16582e+06 3.26528e+06 3.36472e+06 3.46418e+06 3.56362e+06 3.66308e+06 3.76252e+06 3.86198e+06 3.96142e+06 4.06088e+06 4.16032e+06 4.25978e+06 4.35922e+06 4.45868e+06 4.55812e+06 4.65758e+06 4.75702e+06 4.85648e+06 4.95592e+06 5.05538e+06 5.15482e+06 5.25428e+06 5.35372e+06 5.45318e+06 5.55262e+06 5.65208e+06 5.75152e+06 5.85098e+06 5.95042e+06 6.04988e+06 6.14932e+06 6.24878e+06 6.34822e+06 6.44768e+06 6.54712e+06 6.64658e+06 
1.819e+06 1.921e+06 2.023e+06 2.125e+06 2.227e+06 2.329e+06 2.431e+06 2.533e+06 2.635e+06 2.737e+06 2.839e+06 2.941e+06 3.043e+06 3.145e+06 3.247e+06 3.349e+06 3.451e+06 3.553e+06 3.655e+06 3.757e+06 3.859e+06 3.961e+06 4.063e+06 4.165e+06 4.267e+06 4.369e+06 4.471e+06 4.573e+06 4.675e+06 4.777e+06 4.879e+06 4.981e+06 5.083e+06 5.185e+06 5.287e+06 5.389e+06 5.491e+06 5.593e+06 5.695e+06 5.797e+06 5.899e+06 6.001e+06 6.103e+06 6.205e+06 6.307e+06 6.409e+06 6.511e+06 6.613e+06 6.715e+06 6.817e+06 
1.86448e+06 1.96902e+06 2.07358e+06 2.17812e+06 2.28268e+06 2.38722e+06 2.49178e+06 2.59632e+06 2.70088e+06 2.80542e+06 2.90998e+06 3.01452e+06 3.11908e+06 3.22362e+06 3.32818e+06 3.43272e+06 3.53728e+06 3.64182e+06 3.74638e+06 3.85092e+06 3.95548e+06 4.06002e+06 4.16458e+06 4.26912e+06 4.37368e+06 4.47822e+06 4.58278e+06 4.68732e+06 4.79188e+06 4.89642e+06 5.00098e+06 5.10552e+06 5.21008e+06 5.31462e+06 5.41918e+06 5.52372e+06 5.62828e+06 5.73282e+06 5.83738e+06 5.94192e+06 6.04648e+06 6.15102e+06 6.25558e+06 6.36012e+06 6.46468e+06 6.56922e+06 6.67378e+06 6.77832e+06 6.88288e+06 6.98742e+06 
1.90995e+06 2.01705e+06 2.12415e+06 2.23125e+06 2.33835e+06 2.44545e+06 2.55255e+06 2.65965e+06 2.76675e+06 2.87385e+06 2.98095e+06 3.08805e+06 3.19515e+06 3.30225e+06 3.40935e+06 3.51645e+06 3.62355e+06 3.73065e+06 3.83775e+06 3.94485e+06 4.05195e+06 4.15905e+06 4.26615e+06 4.37325e+06 4.48035e+06 4.58745e+06 4.69455e+06 4.80165e+06 4.90875e+06 5.01585e+06 5.12295e+06 5.23005e+06 5.33715e+06 5.44425e+06 5.55135e+06 5.65845e+06 5.76555e+06 5.87265e+06 5.97975e+06 6.08685e+06 6.19395e+06 6.30105e+06 6.40815e+06 6.51525e+06 6.62235e+06 6.72945e+06 6.83655e+06 6.94365e+06 7.05075e+06 7.15785e+06 
1.95542e+06 2.06508e+06 2.17472e+06 2.28438e+06 2.39402e+06 2.50368e+06 2.61332e+06 2.72298e+06 2.83262e+06 2.94228e+06 3.05192e+06 3.16158e+06 3.27122e+06 3.38088e+06 3.49052e+06 3.60018e+06 3.70982e+06 3.81948e+06 3.92912e+06 4.03878e+06 4.14842e+06 4.25808e+06 4.36772e+06 4.47738e+06 4.58702e+06 4.69668e+06 4.80632e+06 4.91598e+06 5.02562e+06 5.13528e+06 5.24492e+06 5.35458e+06 5.46422e+06 5.57388e+06 5.68352e+06 5.79318e+06 5.90282e+06 6.01248e+06 6.12212e+06 6.23178e+06 6.34142e+06 6.45108e+06 6.56072e+06 6.67038e+06 6.78002e+06 6.88968e+06 6.99932e+06 7.10898e+06 7.21862e+06 7.32828e+06 
2.0009e+06 2.1131e+06 2.2253e+06 2.3375e+06 2.4497e+06 2.5619e+06 2.6741e+06 2.7863e+06 2.8985e+06 3.0107e+06 3.1229e+06 3.2351e+06 3.3473e+06 3.4595e+06 3.5717e+06 3.6839e+06 3.7961e+06 3.9083e+06 4.0205e+06 4.1327e+06 4.2449e+06 4.3571e+06 4.4693e+06 4.5815e+06 4.6937e+06 4.8059e+06 4.9181e+06 5.0303e+06 5.1425e+06 5.2547e+06 5.3669e+06 5.4791e+06 5.5913e+06 5.7035e+06 5.8157e+06 5.9279e+06 6.0401e+06 6.1523e+06 6.2645e+06 6.3767e+06 6.4889e+06 6.6011e+06 6.7133e+06 6.8255e+06 6.9377e+06 7.0499e+06 7.1621e+06 7.2743e+06 7.3865e+06 7.4987e+06 
2.04638e+06 2.16112e+06 2.27588e+06 2.39062e+06 2.50538e+06 2.62012e+06 2.73488e+06 2.84962e+06 2.96438e+06 3.07912e+06 3.19388e+06 3.30862e+06 3.42338e+06 3.53812e+06 3.65288e+06 3.76762e+06 3.88238e+06 3.99712e+06 4.11188e+06 4.22662e+06 4.34138e+06 4.45612e+06 4.57088e+06 4.68562e+06 4.80038e+06 4.91512e+06 5.02988e+06 5.14462e+06 5.25938e+06 5.37412e+06 5.48888e+06 5.60362e+06 5.71838e+06 5.83312e+06 5.94788e+06 6.06262e+06 6.17738e+06 6.29212e+06 6.40688e+06 6.52162e+06 6.63638e+06 6.75112e+06 6.86588e+06 6.98062e+06 7.09538e+06 7.21012e+06 7.32488e+06 7.43962e+06 7.55438e+06 7.66912e+06 
2.09185e+06 2.20915e+06 2.32645e+06 2.44375e+06 2.56105e+06 2.67835e+06 2.79565e+06 2.91295e+06 3.03025e+06 3.14755e+06 3.26485e+06 3.38215e+06 3.49945e+06 3.61675e+06 3.73405e+06 3.85135e+06 3.96865e+06 4.08595e+06 4.20325e+06 4.32055e+06 4.43785e+06 4.55515e+06 4.67245e+06 4.78975e+06 4.90705e+06 5.02435e+06 5.14165e+06 5.25895e+06 5.37625e+06 5.49355e+06 5.61085e+06 5.72815e+06 5.84545e+06 5.96275e+06 6.08005e+06 6.19735e+06 6.31465e+06 6.43195e+06 6.54925e+06 6.66655e+06 6.78385e+06 6.90115e+06 7.01845e+06 7.13575e+06 7.25305e+06 7.37035e+06 7.48765e+06 7.60495e+06 7.72225e+06 7.83955e+06 
2.13732e+06 2.25718e+06 2.37702e+06 2.49688e+06 2.61672e+06 2.73658e+06 2.85642e+06 2.97628e+06 3.09612e+06 3.21598e+06 3.33582e+06 3.45568e+06 3.57552e+06 3.69538e+06 3.81522e+06 3.93508e+06 4.05492e+06 4.17478e+06 4.29462e+06 4.41448e+06 4.53432e+06 4.65418e+06 4.77402e+06 4.89388e+06 5.01372e+06 5.13358e+06 5.25342e+06 5.37328e+06 5.49312e+06 5.61298e+06 5.73282e+06 5.85268e+06 5.97252e+06 6.09238e+06 6.21222e+06 6.33208e+06 6.45192e+06 6.57178e+06 6.69162e+06 6.81148e+06 6.93132e+06 7.05118e+06 7.17102e+06 7.29088e+06 7.41072e+06 7.53058e+06 7.65042e+06 7.77028e+06 7.89012e+06 8.00998e+06 
2.1828e+06 2.3052e+06 2.4276e+06 2.55e+06 2.6724e+06 2.7948e+06 2.9172e+06 3.0396e+06 3.162e+06 3.2844e+06 3.4068e+06 3.5292e+06 3.6516e+06 3.774e+06 3.8964e+06 4.0188e+06 4.1412e+06 4.2636e+06 4.386e+06 4.5084e+06 4.6308e+06 4.7532e+06 4.8756e+06 4.998e+06 5.1204e+06 5.2428e+06 5.3652e+06 5.4876e+06 5.61e+06 5.7324e+06 5.8548e+06 5.9772e+06 6.0996e+06 6.222e+06 6.3444e+06 6.4668e+06 6.5892e+06 6.7116e+06 6.834e+06 6.9564e+06 7.0788e+06 7.2012e+06 7.3236e+06 7.446e+06 7.5684e+06 7.6908e+06 7.8132e+06 7.9356e+06 8.058e+06 8.1804e+06 
2.22828e+06 2.35322e+06 2.47818e+06 2.60312e+06 2.72808e+06 2.85302e+06 2.97798e+06 3.10292e+06 3.22788e+06 3.35282e+06 3.47778e+06 3.60272e+06 3.72768e+06 3.85262e+06 3.97758e+06 4.10252e+06 4.22748e+06 4.35242e+06 4.47738e+06 4.60232e+06 4.72728e+06 4.85222e+06 4.97718e+06 5.10212e+06 5.22708e+06 5.35202e+06 5.47698e+06 5.60192e+06 5.72688e+06 5.85182e+06 5.97678e+06 6.10172e+06 6.22668e+06 6.35162e+06 6.47658e+06 6.60152e+06 6.72648e+06 6.85142e+06 6.97638e+06 7.10132e+06 7.22628e+06 7.35122e+06 7.47618e+06 7.60112e+06 7.72608e+06 7.85102e+06 7.97598e+06 8.10092e+06 8.22588e+06 8.35082e+06 
2.27375e+06 2.40125e+06 2.52875e+06 2.65625e+06 2.78375e+06 2.91125e+06 3.03875e+06 3.16625e+06 3.29375e+06 3.42125e+06 3.54875e+06 3.67625e+06 3.80375e+06 3.93125e+06 4.05875e+06 4.18625e+06 4.31375e+06 4.44125e+06 4.56875e+06 4.69625e+06 4.82375e+06 4.95125e+06 5.07875e+06 5.20625e+06 5.33375e+06 5.46125e+06 5.58875e+06 5.71625e+06 5.84375e+06 5.97125e+06 6.09875e+06 6.22625e+06 6.35375e+06 6.48125e+06 6.60875e+06 6.73625e+06 6.86375e+06 6.99125e+06 7.11875e+06 7.24625e+06 7.37375e+06 7.50125e+06 7.62875e+06 7.75625e+06 7.88375e+06 8.01125e+06 8.13875e+06 8.26625e+06 8.39375e+06 8.52125e+06 
