3290 3710 4130 4550 4970 5390 5810 6230 6650 7070 7490 7910 8330 8750 9170 9590 10010 10430 10850 11270 
6580 7420 8260 9100 9940 10780 11620 12460 13300 14140 14980 15820 16660 17500 18340 19180 20020 20860 21700 22540 
9870 11130 12390 13650 14910 16170 17430 18690 19950 21210 22470 23730 24990 26250 27510 28770 30030 31290 32550 33810 
13160 14840 16520 18200 19880 21560 23240 24920 26600 28280 29960 31640 33320 35000 36680 38360 40040 41720 43400 45080 
16450 18550 20650 22750 24850 26950 29050 31150 33250 35350 37450 39550 41650 43750 45850 47950 50050 52150 54250 56350 
19740 22260 24780 27300 29820 32340 34860 37380 39900 42420 44940 47460 49980 52500 55020 57540 60060 62580 65100 67620 
23030 25970 28910 31850 34790 37730 40670 43610 46550 49490 52430 55370 58310 61250 64190 67130 70070 73010 75950 78890 
26320 29680 33040 36400 39760 43120 46480 49840 53200 56560 59920 63280 66640 70000 73360 76720 80080 83440 86800 90160 
29610 33390 37170 40950 44730 48510 52290 56070 59850 63630 67410 71190 74970 78750 82530 86310 90090 93870 97650 101430 
32900 37100 41300 45500 49700 53900 58100 62300 66500 70700 74900 79100 83300 87500 91700 95900 100100 104300 108500 112700 
36190 40810 45430 50050 54670 59290 63910 68530 73150 77770 82390 87010 91630 96250 100870 105490 110110 114730 119350 123970 
39480 44520 49560 54600 59640 64680 69720 74760 79800 84840 89880 94920 99960 105000 110040 115080 120120 125160 130200 135240 
42770 48230 53690 59150 64610 70070 75530 80990 86450 91910 97370 102830 108290 113750 119210 124670 130130 135590 141050 146510 
46060 51940 57820 63700 69580 75460 81340 87220 93100 98980 104860 110740 116620 122500 128380 134260 140140 146020 151900 157780 
49350 55650 61950 68250 74550 80850 87150 93450 99750 106050 112350 118650 124950 131250 137550 143850 150150 156450 162750 169050 
52640 59360 66080 72800 79520 86240 92960 99680 106400 113120 119840 126560 133280 140000 146720 153440 160160 166880 173600 180320 
55930 63070 70210 77350 84490 91630 98770 105910 113050 120190 127330 134470 141610 148750 155890 163030 170170 177310 184450 191590 
59220 66780 74340 81900 89460 97020 104580 112140 119700 127260 134820 142380 149940 157500 165060 172620 180180 187740 195300 202860 
62510 70490 78470 86450 94430 102410 110390 118370 126350 134330 142310 150290 158270 166250 174230 182210 190190 198170 206150 214130 
65800 74200 82600 91000 99400 107800 116200 124600 133000 141400 149800 158200 166600 175000 183400 191800 200200 208600 217000 225400 
