495 605 715 825 935 1045 1155 1265 1375 1485 
990 1210 1430 1650 1870 2090 2310 2530 2750 2970 
1485 1815 2145 2475 2805 3135 3465 3795 4125 4455 
1980 2420 2860 3300 3740 4180 4620 5060 5500 5940 
2475 3025 3575 4125 4675 5225 5775 6325 6875 7425 
2970 3630 4290 4950 5610 6270 6930 7590 8250 8910 
3465 4235 5005 5775 6545 7315 8085 8855 9625 10395 
3960 4840 5720 6600 7480 8360 9240 10120 11000 11880 
4455 5445 6435 7425 8415 9405 10395 11385 12375 13365 
4950 6050 7150 8250 9350 10450 11550 12650 13750 14850 
